2.500000000000000000e-01
2.710526315789473784e-01
2.921052631578947567e-01
3.131578947368420796e-01
3.342105263157894579e-01
3.552631578947368363e-01
3.763157894736842146e-01
3.973684210526315930e-01
4.184210526315789158e-01
4.394736842105263497e-01
4.605263157894736725e-01
4.815789473684210509e-01
5.026315789473684292e-01
5.236842105263157521e-01
5.447368421052631859e-01
5.657894736842105088e-01
5.868421052631578316e-01
6.078947368421052655e-01
6.289473684210526994e-01
6.500000000000000222e-01
