4.000000000000000222e-01
4.105263157894736836e-01
4.210526315789474006e-01
4.315789473684210620e-01
4.421052631578947789e-01
4.526315789473684403e-01
4.631578947368421018e-01
4.736842105263158187e-01
4.842105263157894801e-01
4.947368421052631415e-01
5.052631578947368585e-01
5.157894736842105754e-01
5.263157894736841813e-01
5.368421052631578982e-01
5.473684210526315042e-01
5.578947368421052211e-01
5.684210526315789380e-01
5.789473684210526550e-01
5.894736842105263719e-01
5.999999999999999778e-01
